x      f(x)     D2         D3         D4         D5         D6         D7         D8         D9         D10        D11        D12        D13        D14        D15        D16        D17        D18        D19        D20        D21        
========================================================================================================================
-1.00  0.367879  0.038690  0.004069  0.000428  0.000045  0.000005  -0.000001 0.000005  -0.000012 0.000023  -0.000035 0.000038  -0.000008 -0.000106 0.000407  -0.001098 0.002572  -0.005574 0.011479  -0.022748 0.043650  
-0.90  0.406570  0.042759  0.004497  0.000473  0.000050  0.000004  0.000004  -0.000007 0.000011  -0.000012 0.000003  0.000030  -0.000114 0.000301  -0.000691 0.001474  -0.003002 0.005905  -0.011269 0.020902            
-0.80  0.449329  0.047256  0.004970  0.000523  0.000054  0.000008  -0.000003 0.000004  -0.000001 -0.000009 0.000033  -0.000084 0.000187  -0.000390 0.000783  -0.001528 0.002903  -0.005364 0.009633                      
-0.70  0.496585  0.052226  0.005493  0.000577  0.000062  0.000005  0.000001  0.000003  -0.000010 0.000024  -0.000051 0.000103  -0.000203 0.000393  -0.000745 0.001375  -0.002461 0.004269                                
-0.60  0.548812  0.057719  0.006070  0.000639  0.000067  0.000006  0.000004  -0.000007 0.000014  -0.000027 0.000052  -0.000100 0.000190  -0.000352 0.000630  -0.001086 0.001808                                          
-0.50  0.606531  0.063789  0.006709  0.000706  0.000073  0.000010  -0.000003 0.000007  -0.000013 0.000025  -0.000048 0.000090  -0.000162 0.000278  -0.000456 0.000722                                                    
-0.40  0.670320  0.070498  0.007415  0.000779  0.000083  0.000007  0.000004  -0.000006 0.000012  -0.000023 0.000042  -0.000072 0.000116  -0.000178 0.000266                                                              
-0.30  0.740818  0.077913  0.008194  0.000862  0.000090  0.000011  -0.000002 0.000006  -0.000011 0.000019  -0.000030 0.000044  -0.000062 0.000088                                                                        
-0.20  0.818731  0.086107  0.009056  0.000952  0.000101  0.000009  0.000004  -0.000005 0.000008  -0.000011 0.000014  -0.000018 0.000026                                                                                  
-0.10  0.904837  0.095163  0.010008  0.001053  0.000110  0.000013  -0.000001 0.000003  -0.000003 0.000003  -0.000004 0.000008                                                                                            
0.00   1.000000  0.105171  0.011061  0.001163  0.000123  0.000012  0.000002  0.000000  0.000000  -0.000001 0.000004                                                                                                      
0.10   1.105171  0.116232  0.012224  0.001286  0.000135  0.000014  0.000002  0.000000  -0.000001 0.000003                                                                                                                
0.20   1.221403  0.128456  0.013510  0.001421  0.000149  0.000016  0.000002  -0.000001 0.000002                                                                                                                          
0.30   1.349859  0.141966  0.014931  0.001570  0.000165  0.000018  0.000001  0.000001                                                                                                                                    
0.40   1.491825  0.156897  0.016501  0.001735  0.000183  0.000019  0.000002                                                                                                                                              
0.50   1.648721  0.173398  0.018236  0.001918  0.000202  0.000021                                                                                                                                                        
0.60   1.822119  0.191634  0.020154  0.002120  0.000223                                                                                                                                                                  
0.70   2.013753  0.211788  0.022274  0.002343                                                                                                                                                                            
0.80   2.225541  0.234062  0.024617                                                                                                                                                                                      
0.90   2.459603  0.258679                                                                                                                                                                                                
1.00   2.718282                                                                                                                                                                                                          
